2 0 5 0 0 37 6 0 0 0 0 25 0 0 7 1 0 0 0 13 2 0 0 8 0 0 0 15 29 1 1 0 0 0 0 1 0 0 1 0 0 0 0 0 3 0 0 0 0 0 0 0 0 0 0 4 0 0 0 0 0 0 0 5 2 7 0 0 0 0 11 0 5 0 0 0 0 0 0 3 2 0 0 0 0 1 2 47 0 0 1 0 0 0 1 3 0 0 17 30 4 0 
8 0 1 3 36 0 0 0 0 0 0 0 0 1 0 0 0 0 0 0 14 0 23 0 0 3 0 3 0 0 0 0 1 0 0 0 0 0 0 0 0 29 0 0 2 1 2 35 5 0 11 0 6 3 0 0 2 2 0 0 0 0 0 0 1 0 53 0 0 0 3 0 0 0 0 0 27 0 0 0 5 0 0 1 0 1 0 0 0 6 0 0 0 0 3 0 1 5 1 0 0 10 
5 0 3 0 0 0 0 0 0 0 0 0 10 0 0 0 0 0 5 5 0 0 8 7 0 0 0 0 0 14 39 0 2 1 0 0 0 4 0 0 0 0 0 0 0 0 0 21 47 0 0 0 6 3 2 2 0 3 0 0 0 0 0 0 4 0 0 0 0 0 0 0 0 0 0 2 6 0 0 0 0 53 7 0 0 0 0 0 7 0 2 0 0 0 0 0 23 0 11 3 0 0 
4 0 77 0 0 13 0 0 0 0 0 32 0 2 19 0 0 0 0 0 0 0 0 0 0 1 0 0 0 0 0 0 0 0 0 0 6 0 1 9 0 0 0 0 0 13 3 12 0 2 0 3 3 0 0 0 0 37 0 0 11 9 0 0 0 2 0 7 0 0 0 0 0 0 13 0 0 1 0 0 2 7 4 0 0 0 0 0 0 0 0 0 0 5 0 0 0 2 4 0 0 0 
2 1 43 0 2 44 1 0 0 0 0 0 0 0 0 0 0 0 0 0 0 0 0 1 0 0 0 0 0 0 0 3 0 0 0 2 1 0 0 3 1 42 4 0 0 0 0 0 0 0 0 0 14 1 0 0 0 0 0 0 0 0 0 1 0 0 0 0 1 0 0 0 0 45 13 14 3 0 4 0 0 0 0 0 0 0 23 0 0 0 0 21 0 0 0 0 0 0 0 13 0 0 
3 0 0 0 0 0 0 70 0 0 0 0 1 12 0 0 0 29 0 0 0 1 0 2 2 0 0 0 0 1 0 0 0 0 0 0 0 0 3 6 0 0 0 3 6 0 0 0 0 0 0 3 20 42 0 0 0 0 0 0 0 1 0 44 0 7 0 1 0 0 4 4 3 0 0 3 0 1 2 0 0 0 6 0 0 0 0 0 0 0 0 0 0 2 3 0 0 0 0 1 9 8 
9 0 14 4 0 39 0 0 16 0 0 0 1 0 0 92 0 0 0 0 7 0 0 0 0 0 0 0 0 1 6 0 0 0 1 0 1 0 4 2 0 0 0 0 2 0 0 0 5 0 1 0 0 0 2 0 0 17 0 0 0 0 0 0 0 5 1 3 12 0 4 0 4 20 0 0 0 1 3 1 0 0 0 0 0 0 1 0 0 0 5 0 2 0 7 1 0 5 2 0 0 8 
2 0 9 2 0 0 0 0 0 0 0 0 2 2 2 0 0 0 2 4 0 0 9 8 0 0 0 0 0 18 34 0 1 2 4 0 0 4 0 0 0 0 0 0 0 0 0 5 37 0 0 0 13 0 2 3 0 4 0 0 1 0 0 0 3 0 0 0 0 0 0 0 2 0 0 2 3 0 0 0 0 66 3 0 0 0 0 0 5 0 7 0 0 0 2 0 23 0 14 1 0 1 
9 0 34 0 0 34 1 0 0 0 0 0 0 0 0 0 0 0 0 0 0 0 0 0 1 0 0 2 0 0 0 8 0 0 0 3 0 0 1 2 1 37 4 0 0 0 1 0 0 1 0 0 6 2 0 0 1 0 0 0 0 0 0 0 0 0 0 0 0 0 0 0 0 39 13 14 9 1 3 0 0 0 0 0 0 0 33 0 0 1 2 29 0 0 0 0 0 0 0 17 0 0 
2 1 44 0 1 38 2 0 0 0 0 0 0 0 0 0 2 0 0 0 0 0 0 0 0 0 0 0 0 0 0 8 1 0 0 4 0 0 0 3 1 32 6 0 0 0 0 0 0 0 0 0 11 2 0 0 0 0 0 0 0 0 0 0 0 0 0 1 0 0 0 0 0 33 9 18 4 0 7 0 0 0 0 0 0 0 32 0 0 1 4 22 1 0 0 0 0 0 0 11 0 2 
9 0 42 0 3 50 0 0 0 0 0 0 0 0 0 0 2 0 0 0 0 0 0 0 0 0 0 0 0 0 0 6 0 0 0 1 0 0 0 1 3 32 6 0 0 0 0 0 0 0 0 0 15 0 0 0 1 0 0 0 0 0 0 0 0 0 1 0 0 0 0 0 0 40 2 14 6 0 2 0 0 0 0 0 0 0 35 0 0 1 0 25 0 0 0 0 0 0 0 12 0 0 
4 0 1 0 35 0 1 0 0 0 0 0 0 0 0 0 1 0 0 0 19 0 16 0 0 1 0 9 0 0 0 0 0 0 0 0 0 0 0 0 1 41 0 0 0 1 2 33 10 0 6 0 1 2 0 0 1 4 0 0 0 0 0 0 0 0 44 0 0 0 2 0 0 0 0 0 22 0 0 0 5 0 0 0 0 0 0 0 0 6 0 0 0 0 5 0 3 12 1 0 0 15 
8 0 28 0 0 40 2 0 0 0 1 0 0 0 0 0 1 0 0 0 0 0 0 0 0 0 0 0 0 0 1 16 0 0 0 1 0 0 0 3 2 21 1 0 0 0 0 0 0 0 0 0 15 2 0 0 0 0 0 0 1 0 0 1 0 0 0 1 0 0 0 0 0 36 12 17 9 0 6 0 0 0 0 0 0 0 43 0 0 0 0 16 0 0 0 0 0 0 0 24 0 0 
7 0 34 0 1 43 0 0 0 0 0 0 0 0 0 0 0 0 0 0 0 0 0 0 0 1 0 0 0 0 0 13 0 0 0 1 0 0 0 4 1 37 2 0 0 0 0 0 0 0 0 0 13 1 0 0 0 0 0 0 0 0 0 0 0 0 0 0 0 0 0 0 0 47 11 11 6 0 2 0 0 0 0 0 0 0 26 0 0 2 0 28 0 0 0 0 0 0 0 15 0 1 
7 0 39 0 1 46 0 0 0 0 0 0 0 0 0 0 3 0 0 0 0 0 0 0 0 2 0 1 0 0 0 3 0 0 0 6 2 0 1 3 0 37 1 0 0 0 0 0 0 0 0 0 16 3 0 0 0 0 0 0 0 0 0 0 0 0 0 0 1 0 0 0 0 32 3 12 2 1 4 0 0 0 0 0 0 0 42 0 0 0 2 23 0 0 0 0 0 0 0 14 0 0 
3 1 11 7 0 35 0 0 16 0 0 0 0 0 0 88 0 0 0 0 7 0 0 0 0 0 0 0 0 1 13 1 0 0 0 0 1 0 5 3 0 0 0 0 0 0 0 0 4 0 2 0 0 0 0 0 0 19 0 0 0 0 0 1 0 5 1 2 11 0 4 0 1 17 0 0 0 2 4 1 0 0 0 0 0 0 4 3 0 1 0 0 2 0 10 1 0 4 1 1 0 11 
10 0 31 0 1 45 0 0 0 0 0 0 0 0 0 0 1 0 0 0 0 0 0 0 0 0 0 0 0 0 0 9 0 0 0 2 0 0 0 4 4 37 1 0 0 0 0 0 0 0 0 0 6 1 0 0 0 0 0 0 1 0 0 1 0 0 0 0 1 0 0 0 0 44 9 15 6 0 2 0 0 0 0 0 0 0 34 0 0 0 1 25 0 0 0 0 0 0 0 19 0 0 
6 0 0 4 32 0 0 0 0 0 0 0 0 0 0 0 0 0 0 0 10 0 17 0 2 1 0 4 0 0 0 0 1 0 0 0 0 0 0 0 0 45 0 0 5 0 1 30 3 0 11 0 6 2 0 1 3 5 0 0 0 2 0 0 0 0 44 0 0 0 2 0 0 0 0 0 25 0 0 0 5 0 0 1 0 1 0 0 0 4 0 1 0 0 11 0 2 2 2 0 0 15 
7 0 64 0 0 20 0 0 0 0 0 30 0 0 20 0 0 0 0 0 0 0 3 0 0 0 0 0 0 1 1 0 0 0 0 0 3 0 0 8 0 0 0 0 0 12 4 9 0 6 0 2 3 0 0 0 0 39 0 0 11 9 0 0 0 0 0 5 0 0 0 0 0 0 10 0 0 0 0 0 2 4 7 0 0 0 4 0 0 0 1 0 0 7 0 0 0 5 10 0 0 0 
9 0 34 1 2 39 1 0 0 0 0 0 0 0 0 1 0 0 0 0 0 0 0 0 0 1 0 0 0 0 0 10 0 0 0 3 0 0 0 3 1 28 3 0 0 0 0 0 0 0 0 0 14 4 0 0 0 0 0 0 0 0 0 2 0 0 0 0 0 0 0 0 0 32 17 14 5 0 0 0 0 0 0 0 0 0 38 0 0 0 3 29 1 0 0 0 0 0 0 14 0 0 
8 1 0 0 0 0 0 80 0 0 0 0 0 16 0 0 0 37 0 0 1 5 0 1 3 0 0 0 0 2 0 0 0 0 0 0 0 0 0 3 0 0 0 6 3 0 0 0 0 0 0 4 27 32 0 0 0 0 0 0 0 0 2 24 0 7 0 0 0 0 5 2 1 0 0 3 0 1 0 0 0 0 5 0 0 0 1 0 0 0 0 0 0 2 3 1 0 0 0 3 15 5 
8 0 7 6 0 41 0 0 14 0 0 0 1 0 0 105 0 0 0 0 7 0 0 0 0 0 0 0 0 1 11 0 0 0 1 0 0 0 11 0 0 0 0 0 1 0 0 0 5 0 1 0 0 0 1 0 0 21 0 0 0 0 0 0 0 2 1 4 6 0 0 0 2 17 0 0 0 0 0 1 0 0 0 0 0 0 0 3 0 1 2 0 1 0 7 1 0 8 2 1 0 7 
6 0 27 0 2 53 1 0 0 0 0 0 0 0 0 0 3 0 0 0 0 0 0 0 0 0 0 0 0 0 0 11 0 0 0 2 0 0 0 1 0 42 2 0 0 0 0 0 0 0 0 0 11 1 0 0 0 0 0 0 0 0 0 0 0 0 0 0 0 0 0 0 0 35 12 12 4 1 7 0 0 0 0 0 0 0 26 0 0 0 1 23 0 0 0 0 0 0 0 22 0 1 
9 0 0 2 23 0 1 0 0 0 0 0 0 1 0 0 0 0 0 0 13 0 34 0 0 1 0 5 1 2 0 0 1 0 0 0 0 0 0 0 0 44 0 0 3 0 3 25 5 0 3 1 9 2 0 2 2 2 0 0 0 1 0 0 0 0 53 0 0 0 1 0 0 0 0 0 18 0 0 0 3 0 0 0 0 0 0 0 0 3 0 1 0 0 6 0 1 8 0 0 0 20 
4 0 2 1 28 0 0 0 0 0 0 2 0 1 0 0 0 0 0 0 13 0 27 0 0 0 0 3 1 0 0 0 1 0 0 0 0 0 0 0 0 43 0 0 2 1 1 38 3 0 8 0 4 6 0 1 4 2 1 0 0 1 0 0 1 0 49 0 0 0 4 1 0 0 0 0 16 0 0 0 1 0 0 0 0 0 0 0 0 6 0 0 0 0 8 0 1 4 2 0 0 13 
8 0 28 0 2 46 1 0 0 0 0 0 0 0 0 0 0 0 0 0 0 0 0 0 1 0 0 0 0 0 0 9 0 0 0 4 0 0 0 4 1 37 2 0 0 0 0 0 0 0 0 0 12 1 0 0 1 0 0 0 0 0 0 0 0 0 0 0 1 0 0 0 0 38 13 11 6 0 3 0 0 0 0 0 0 0 35 0 0 0 2 22 0 0 0 0 0 0 0 18 0 2 
2 0 80 0 0 14 0 0 0 0 0 40 0 2 23 0 0 0 0 0 0 0 3 0 0 0 0 0 0 0 0 0 0 0 0 0 7 0 4 5 0 0 0 0 0 13 1 12 0 5 0 1 0 0 0 0 0 30 0 0 12 6 0 0 0 1 0 3 0 0 0 0 0 0 8 0 0 0 0 0 4 10 3 0 0 0 1 0 0 2 0 0 0 2 0 0 0 3 5 0 0 0 
2 0 0 3 40 0 0 0 0 0 0 0 0 0 0 0 0 0 0 0 17 0 35 0 0 1 0 2 0 0 0 0 0 0 0 0 0 0 0 0 0 43 0 0 0 1 2 25 0 0 6 0 3 4 0 0 3 3 0 0 0 0 0 0 0 0 45 0 0 0 2 0 0 0 0 0 25 0 0 0 9 0 0 0 0 0 0 0 0 6 0 1 0 0 2 0 1 5 1 0 0 15 
5 0 1 15 0 0 0 11 0 0 32 0 0 0 0 0 0 0 0 0 0 0 0 0 0 0 2 0 0 0 0 0 1 0 0 0 1 0 0 0 0 6 1 0 18 6 0 0 0 1 0 5 0 0 0 0 5 0 5 23 0 1 0 0 23 0 0 0 1 1 0 0 0 3 3 4 0 0 32 0 0 22 0 0 0 0 22 3 0 9 0 0 0 0 0 0 2 40 1 0 0 0 
7 0 0 0 0 0 0 77 0 0 0 0 0 19 1 0 0 26 0 0 1 4 0 1 3 0 0 0 0 0 0 0 0 0 0 0 0 0 0 2 0 0 0 2 5 0 0 0 1 0 0 1 24 31 0 0 0 0 0 0 0 0 1 33 0 14 0 0 0 0 5 2 3 0 0 10 2 0 0 0 0 0 4 0 0 0 1 0 0 0 0 0 0 4 2 0 0 1 0 0 12 8 
4 0 38 0 2 37 1 0 0 0 0 0 0 0 0 0 1 0 0 0 0 0 0 1 0 1 0 3 0 0 0 10 0 0 0 4 0 0 0 2 1 34 2 0 0 0 0 0 0 0 0 0 10 1 0 0 0 0 0 0 1 0 0 0 0 0 1 1 0 0 0 0 0 40 9 17 7 0 3 0 0 0 0 0 0 0 26 0 0 1 1 27 1 0 0 0 0 0 0 16 0 1 
2 0 3 1 27 0 0 0 0 1 0 0 0 0 0 0 1 0 0 0 10 0 22 0 1 2 0 10 1 0 0 0 0 0 0 0 0 0 0 0 0 46 0 0 3 0 3 18 6 0 13 0 5 4 0 0 2 3 0 0 0 1 0 0 3 0 43 0 0 0 5 0 0 0 0 0 27 0 0 0 6 0 0 0 0 1 0 0 0 5 0 0 0 0 8 0 2 7 2 0 0 8 
1 0 22 0 0 38 0 0 0 0 0 0 0 0 0 0 0 0 0 0 0 0 0 0 0 2 0 0 0 0 0 6 0 0 0 3 0 0 1 0 3 38 2 0 0 0 0 0 0 0 0 0 13 1 0 0 1 0 0 0 1 0 0 0 0 0 0 1 0 0 0 0 0 48 17 10 9 1 10 0 0 0 0 0 0 0 36 0 0 0 1 20 0 0 0 0 0 0 0 14 0 2 
9 0 9 6 0 30 0 0 17 0 0 0 1 0 0 94 0 0 0 0 1 0 0 0 0 0 1 0 0 2 10 0 0 0 1 0 3 0 6 2 0 0 0 0 1 0 0 1 7 0 1 0 0 0 3 0 0 30 0 0 0 0 0 0 0 1 2 6 14 0 4 0 4 20 0 0 0 2 0 0 0 0 0 0 0 0 1 1 0 1 2 0 1 0 6 1 0 3 0 0 0 5 
10 0 12 7 0 34 0 0 17 0 0 0 3 0 0 85 0 0 0 0 3 0 0 0 0 0 2 0 0 1 10 0 0 0 2 0 0 0 5 2 0 0 0 0 4 0 0 0 8 1 1 0 0 0 3 0 0 21 0 0 0 0 0 1 0 3 0 10 12 0 1 0 1 24 0 0 0 1 1 0 0 0 0 0 0 0 0 2 0 4 0 0 2 0 6 3 0 4 2 0 0 2 
10 0 1 1 47 0 0 0 0 0 0 0 0 0 0 0 0 0 0 0 15 0 26 0 1 1 0 2 0 2 0 0 0 0 0 0 0 0 0 0 1 41 0 0 1 0 2 36 3 0 13 0 5 0 0 0 3 1 0 0 0 2 0 0 0 0 39 0 0 0 0 0 0 0 0 0 26 0 0 0 3 0 0 0 0 0 0 0 0 7 0 0 0 0 5 0 1 6 0 0 0 9 
3 0 39 0 1 36 0 0 0 0 0 0 0 0 0 0 0 0 0 0 0 0 0 0 0 0 0 1 0 0 0 6 0 0 0 6 0 0 0 1 0 36 3 0 0 0 0 0 0 0 0 0 15 1 0 0 0 0 0 0 0 0 0 2 0 0 0 0 0 0 0 0 0 39 11 11 7 0 1 0 0 0 0 0 0 0 38 0 0 0 5 28 0 0 0 0 0 0 0 13 0 0 
5 0 37 0 2 40 0 0 0 0 0 0 0 0 0 0 0 0 0 0 0 0 0 0 0 1 0 1 0 0 0 12 0 0 0 4 0 0 0 5 0 29 4 0 0 0 0 0 0 0 0 0 13 1 0 0 0 0 0 0 0 0 0 0 0 0 0 1 1 0 0 0 0 38 6 15 8 1 6 0 0 0 0 0 0 0 33 0 0 0 2 22 1 0 0 0 0 0 0 17 0 0 
7 0 78 0 0 10 0 0 0 0 0 32 0 2 28 0 0 0 0 0 0 0 2 0 0 0 0 0 0 1 1 0 0 0 0 0 4 0 1 11 0 0 0 0 0 9 1 8 0 8 0 0 3 0 0 0 0 37 0 0 4 9 0 0 1 1 0 7 0 0 1 0 0 0 11 0 0 1 0 0 1 6 2 0 0 0 2 0 0 1 0 0 0 4 0 1 0 4 8 0 0 0 
5 0 0 2 0 0 0 83 0 0 0 1 1 14 0 0 0 25 0 0 0 10 0 3 0 0 0 0 0 3 0 0 0 0 0 0 0 0 0 0 0 1 0 4 5 0 0 0 2 0 0 3 21 26 0 0 0 0 0 0 0 0 1 32 0 10 0 0 0 0 5 4 6 0 0 4 1 0 3 0 0 0 3 0 0 0 0 0 0 0 0 0 0 2 2 0 0 0 0 1 12 10 
5 0 36 1 1 40 1 0 0 0 0 0 0 0 0 1 0 0 0 0 0 0 0 0 0 1 0 0 0 0 0 7 0 0 0 3 0 0 0 4 0 32 4 0 0 0 0 0 0 0 0 0 14 2 0 0 0 0 0 0 1 0 0 0 0 0 0 1 0 0 0 0 1 39 10 17 11 1 4 0 0 0 0 0 0 0 32 0 0 1 1 22 0 0 0 0 0 0 0 12 0 0 
4 0 0 18 0 0 0 10 0 0 28 0 0 0 0 0 0 0 0 0 0 1 0 0 0 0 3 1 0 0 0 0 2 0 0 0 0 0 0 0 0 5 0 1 16 8 0 0 0 5 0 1 0 0 0 0 9 0 9 24 0 1 0 0 17 0 0 0 1 2 3 0 0 6 2 3 0 2 28 0 0 28 0 0 0 0 19 3 0 8 0 0 0 0 0 0 0 35 1 0 0 0 
4 0 0 0 44 0 0 0 0 0 0 0 0 0 0 0 1 0 0 0 8 0 22 0 0 2 0 10 0 0 0 0 2 0 0 0 0 0 0 0 0 41 0 0 1 0 2 35 6 0 11 0 4 0 0 0 2 3 2 0 0 0 0 0 1 0 50 1 0 0 2 0 0 0 0 0 17 0 0 0 4 0 0 0 0 0 0 0 0 3 0 0 0 0 4 0 2 3 2 0 0 15 
7 0 7 0 0 1 0 0 0 0 0 0 3 0 0 0 0 0 1 4 0 0 7 7 0 0 0 0 0 28 23 0 3 2 2 0 0 2 0 0 0 0 0 0 0 0 0 6 51 0 0 0 15 3 4 4 0 8 0 0 0 0 0 0 1 0 0 0 0 0 0 0 1 0 0 0 6 0 0 0 0 50 9 0 0 0 0 0 4 0 6 0 0 0 0 0 15 0 23 4 0 0 
3 0 39 0 2 38 0 0 0 0 0 0 0 0 0 0 0 0 0 0 0 0 0 0 0 0 0 2 0 0 0 9 0 0 0 3 0 1 0 3 0 39 3 0 0 0 0 0 0 0 0 0 10 4 0 0 0 0 0 0 1 0 0 0 0 0 0 1 0 0 0 0 0 41 16 10 5 0 7 0 0 0 0 0 0 0 27 0 0 0 0 24 0 0 0 0 0 0 0 15 0 0 
7 0 2 0 0 39 15 0 1 0 0 0 19 0 0 1 0 0 0 2 3 12 3 0 5 0 0 0 0 0 0 0 0 0 0 0 23 0 0 0 58 0 0 0 0 3 0 0 0 0 0 3 0 0 0 0 1 1 0 34 0 0 0 0 0 0 0 19 0 0 0 1 0 0 7 0 1 20 0 1 0 0 0 4 0 0 0 0 0 4 0 7 0 1 0 0 9 0 1 0 0 0 
4 0 7 0 0 0 0 0 0 0 0 0 7 2 0 1 0 0 4 4 0 0 10 16 0 0 0 0 0 24 35 0 7 0 9 0 0 3 0 0 0 0 0 0 0 0 0 11 37 0 0 0 3 1 1 1 0 3 0 0 0 0 0 0 2 0 0 0 0 0 0 0 0 0 0 0 3 0 0 0 0 59 5 0 0 0 0 0 5 0 6 0 0 0 1 0 14 0 17 1 0 1 
7 0 33 1 2 39 2 0 0 0 0 0 0 0 0 0 2 0 0 0 0 0 0 0 0 0 0 2 0 0 0 7 0 0 0 1 0 0 0 0 1 36 4 0 0 0 0 0 0 0 0 0 11 1 1 0 0 0 0 0 0 0 0 2 1 0 0 0 0 0 0 0 0 41 2 21 3 1 3 0 0 0 0 0 0 0 40 0 0 0 1 26 1 0 0 0 0 0 0 13 0 2 
1 0 2 0 0 29 7 0 0 0 0 24 0 0 5 1 1 0 0 7 1 0 0 7 0 0 0 22 37 0 0 0 0 0 0 0 0 1 0 0 0 0 0 0 2 0 0 0 0 0 0 0 0 0 0 2 0 0 0 0 0 0 0 3 4 4 0 0 0 0 12 0 6 0 0 0 0 0 0 1 2 0 0 0 1 1 0 57 0 0 1 0 0 0 0 1 0 0 13 34 12 0 
9 0 0 0 0 0 0 83 0 0 0 0 0 19 0 0 0 30 0 0 1 7 0 0 1 0 0 0 0 0 0 0 0 0 0 0 0 0 1 1 0 2 0 4 5 0 0 0 2 0 0 0 26 28 0 0 0 0 0 0 0 0 0 27 1 16 0 1 0 0 10 1 2 0 0 5 1 0 2 0 0 0 4 0 0 0 1 0 0 0 0 0 0 1 4 1 0 0 0 0 10 3 
9 0 36 0 1 38 0 0 0 0 0 0 0 0 0 0 2 0 0 0 0 0 0 0 0 1 0 1 0 0 0 6 0 0 0 5 0 0 1 3 0 27 4 0 0 0 0 0 0 0 0 0 10 2 0 0 0 0 0 0 0 0 0 0 0 0 0 0 0 0 0 0 0 44 6 14 11 0 9 0 0 0 0 0 0 0 35 0 0 0 2 23 1 0 0 0 0 0 0 17 0 1 
1 0 33 0 3 38 0 0 0 0 0 0 0 0 0 0 3 0 0 0 0 0 0 0 0 0 0 1 0 0 0 8 0 0 0 1 0 0 1 3 0 36 4 0 0 0 0 0 0 0 0 0 15 2 0 0 0 0 0 0 0 0 0 2 0 0 0 0 0 0 0 0 0 34 19 9 10 0 5 0 0 0 0 0 0 0 35 0 0 0 2 22 2 0 0 0 0 0 0 12 0 0 
1 0 71 0 0 16 0 0 0 0 0 41 0 1 21 0 0 1 0 0 0 0 1 0 0 1 0 1 0 1 2 0 0 0 0 0 5 0 0 7 0 0 0 0 0 13 5 7 0 7 0 1 4 0 0 0 0 30 0 0 8 11 1 0 0 0 0 3 0 2 0 0 0 0 13 0 0 0 0 0 1 7 2 0 0 0 2 0 0 1 0 0 0 5 0 0 0 2 6 0 0 0 
9 0 22 1 1 38 2 0 0 0 0 0 0 0 0 0 1 0 0 0 0 0 0 0 0 0 0 1 0 0 0 11 0 0 0 1 0 0 0 6 1 40 5 0 0 0 0 0 0 0 0 0 16 2 0 0 0 0 0 0 0 0 0 0 0 0 0 0 2 0 0 0 0 41 11 12 4 0 4 0 0 0 0 0 0 0 34 0 0 0 1 27 1 0 0 0 0 0 0 15 0 0 
5 0 33 0 1 42 0 0 0 0 0 0 0 0 0 0 1 0 0 0 0 0 0 0 0 0 0 3 0 0 0 13 0 0 0 3 0 0 1 0 2 39 3 0 0 0 0 0 0 0 0 0 5 2 0 0 0 0 0 0 0 0 0 0 0 0 0 0 0 0 0 0 0 29 15 16 6 1 4 0 0 0 0 0 0 0 37 0 0 0 1 23 2 0 0 0 0 0 0 16 0 2 
8 0 39 0 0 43 0 0 0 0 0 0 0 0 0 0 2 0 0 0 0 0 0 0 0 0 0 0 0 0 0 5 0 0 0 4 0 0 0 1 0 37 5 0 0 0 0 0 0 0 0 0 12 1 0 0 0 0 0 0 0 0 0 1 0 0 0 0 0 0 0 0 0 39 10 13 3 1 5 0 0 0 0 0 0 0 37 0 0 0 1 27 0 0 0 0 0 0 0 14 0 0 
7 0 2 0 40 0 6 0 0 0 0 5 19 0 0 0 0 23 0 0 3 0 39 0 0 0 0 0 0 0 0 13 0 1 0 0 0 7 0 5 0 0 5 0 0 0 0 0 0 0 1 1 0 0 0 0 0 0 0 7 0 0 20 9 0 2 0 0 6 0 0 3 0 0 0 0 0 0 1 0 47 0 1 0 1 30 0 1 0 0 0 0 0 0 0 0 0 0 2 0 0 0 
8 0 13 0 0 0 0 0 0 0 0 0 9 0 0 0 0 0 2 10 0 0 6 16 0 0 0 0 0 18 26 0 1 1 3 0 0 5 0 0 1 0 0 0 0 0 0 12 28 0 0 0 6 0 1 3 0 4 0 0 1 0 0 0 3 0 0 0 0 0 0 0 1 0 0 0 5 0 0 0 0 63 9 0 0 0 0 0 4 0 7 0 0 0 0 0 17 0 23 2 0 0 
1 0 0 0 0 0 0 91 0 0 0 0 1 14 2 0 0 31 0 0 0 5 0 1 0 0 0 0 0 2 0 0 0 0 0 0 0 0 1 2 0 3 0 2 6 0 0 0 4 0 0 2 10 31 0 0 0 0 0 0 0 0 1 37 0 6 0 0 0 0 7 2 3 0 0 3 0 0 0 0 0 0 4 0 0 0 2 0 0 0 0 0 0 4 0 0 0 0 0 0 17 6 
2 0 3 0 0 23 4 0 0 0 0 26 0 0 5 0 0 0 0 10 2 0 0 2 0 0 0 34 39 0 0 0 0 0 0 0 0 0 4 0 0 0 0 0 2 0 0 0 0 0 0 0 2 0 0 4 0 0 0 0 0 1 0 6 0 2 0 0 0 0 18 0 1 0 0 0 0 0 0 3 3 0 0 0 0 0 0 51 0 0 0 0 0 0 0 5 0 0 25 20 5 0 
9 0 9 7 0 38 0 0 15 0 0 0 0 0 0 97 0 0 0 0 5 0 0 0 0 0 0 0 0 0 9 0 0 0 1 0 5 0 9 1 0 1 0 0 2 0 0 0 8 0 1 0 0 0 2 0 0 27 0 0 0 0 0 0 0 1 1 4 10 0 0 0 3 10 0 0 0 1 1 1 0 0 0 0 0 0 2 1 0 3 5 0 3 0 5 0 0 4 1 2 0 5 
9 0 12 3 0 45 0 0 19 0 0 0 1 0 0 86 0 0 0 0 5 0 0 0 0 0 1 0 0 1 14 0 0 0 1 0 1 0 12 1 0 0 0 0 1 0 0 0 9 1 3 0 0 0 1 0 0 19 0 0 0 0 0 0 0 4 1 4 9 0 1 0 5 17 0 0 0 1 1 1 0 0 0 0 0 0 0 1 0 3 2 0 0 0 7 0 0 2 0 0 0 5 
2 1 41 0 1 44 1 0 0 0 0 0 0 0 0 0 0 0 0 0 0 0 0 0 0 0 0 1 0 0 0 6 0 0 0 3 1 0 0 4 1 40 1 0 0 0 0 0 0 0 0 0 11 1 0 0 0 0 0 0 0 0 0 0 0 0 0 0 0 0 0 0 0 31 10 9 5 0 0 0 0 0 0 0 0 0 33 0 0 2 1 34 3 0 0 0 0 0 0 14 0 2 
8 0 7 0 0 1 0 0 0 0 0 0 9 1 0 1 0 0 5 4 0 0 2 11 0 0 0 0 1 24 28 0 1 1 3 0 0 1 0 0 0 0 0 0 0 0 0 8 39 0 0 0 15 1 0 6 0 9 0 0 1 0 0 0 2 0 0 0 0 0 0 0 0 0 0 1 6 0 0 0 0 56 1 0 0 0 0 0 10 0 5 0 0 0 1 0 16 0 22 1 0 0 
1 0 82 0 0 7 0 0 0 0 0 39 0 3 22 0 0 1 0 0 0 0 0 0 0 0 0 0 0 1 1 0 0 0 0 0 4 0 2 11 0 0 0 0 0 12 4 14 0 9 0 0 1 0 0 0 0 34 0 0 12 5 0 0 0 1 0 4 0 1 0 0 0 0 7 0 0 0 0 0 3 11 0 0 0 0 0 0 0 0 0 0 0 2 0 0 0 0 7 0 0 0 
7 0 7 0 0 0 0 0 0 0 0 0 6 4 0 2 0 0 4 7 0 0 6 8 0 0 0 0 0 19 30 0 4 2 2 0 0 2 0 0 0 0 0 0 0 0 0 12 50 0 0 0 3 2 1 7 0 3 0 0 2 0 0 0 0 0 0 0 0 0 0 0 1 0 0 0 7 0 0 0 0 52 3 0 0 0 0 1 6 0 2 0 0 0 0 0 21 0 24 0 0 0 
9 0 1 12 0 0 0 10 0 0 33 0 0 0 0 0 0 0 0 0 0 1 0 0 0 0 2 0 0 0 0 0 0 0 0 0 3 0 0 0 0 1 2 0 11 6 0 0 0 1 0 1 0 0 0 0 11 0 12 27 0 2 0 0 26 1 0 0 0 2 2 0 0 3 0 9 0 1 27 0 0 23 0 0 0 0 22 6 0 11 0 0 0 0 0 0 0 30 1 0 0 0 
1 0 0 2 34 0 0 0 0 1 0 0 0 0 0 0 0 0 0 0 19 0 19 0 2 1 0 3 0 0 0 0 1 0 0 0 0 0 0 0 0 31 0 0 1 0 6 29 5 0 11 0 5 1 1 1 4 1 0 0 0 0 0 0 0 0 60 0 0 0 4 0 0 0 0 0 25 0 0 0 4 0 0 1 0 1 0 0 0 3 0 0 0 0 4 0 2 3 2 0 0 13 
8 0 5 0 0 25 2 0 0 0 0 26 0 0 12 0 0 0 0 10 2 0 0 6 0 0 0 32 36 0 0 0 0 0 0 0 0 0 2 0 0 0 0 0 2 0 0 0 0 0 0 0 0 0 0 1 0 0 0 0 0 0 0 1 1 2 0 0 0 0 15 0 0 0 2 0 0 0 0 0 4 0 0 2 0 0 1 50 0 0 1 0 0 0 0 5 0 0 21 28 6 0 
9 0 43 0 2 33 3 0 0 0 0 0 0 0 0 0 3 0 0 0 0 0 0 0 0 0 0 1 0 0 0 12 0 0 0 2 0 0 0 0 2 27 3 0 0 0 0 0 0 1 0 0 8 0 0 0 0 0 0 0 0 0 0 1 1 0 0 0 0 0 0 0 0 31 11 20 8 0 6 0 0 0 0 0 0 0 47 0 0 0 3 18 0 0 0 0 0 0 0 13 0 1 
2 1 28 1 2 49 1 0 0 0 0 0 0 0 0 1 0 0 0 0 0 0 0 0 0 1 0 0 0 0 0 16 0 0 0 4 0 0 0 2 0 40 5 0 0 0 0 0 0 0 0 0 14 0 0 0 1 0 0 0 1 0 0 0 0 0 1 0 0 0 0 0 0 26 9 13 3 0 2 0 0 0 0 0 0 0 46 0 0 0 4 18 2 0 0 0 0 0 0 10 0 0 
2 0 69 0 0 17 0 0 0 0 0 43 0 0 21 0 0 0 0 1 0 0 0 0 2 0 0 0 0 0 0 0 0 0 0 0 10 0 2 8 0 0 0 0 0 11 2 8 0 8 0 2 0 0 0 0 0 36 0 1 9 4 0 0 0 0 0 4 0 0 1 0 0 0 10 0 1 0 0 0 6 12 3 0 0 0 0 0 0 1 0 0 0 2 0 0 0 1 5 0 0 0 
6 0 32 0 1 48 1 0 0 0 1 0 0 0 0 0 1 0 0 0 0 0 0 0 0 0 0 0 0 0 0 14 0 0 0 2 0 0 0 1 1 33 3 0 0 0 0 0 0 0 0 0 5 3 0 0 1 0 0 0 0 0 0 0 0 0 0 0 1 0 0 0 0 40 10 15 6 1 1 0 0 0 0 0 0 0 39 0 0 0 2 26 0 0 0 0 0 0 0 11 0 1 
3 0 0 1 27 0 0 0 0 1 0 0 0 0 0 0 0 0 0 0 6 0 23 0 0 3 0 7 1 0 0 0 4 1 0 0 0 0 0 0 0 50 0 0 0 0 9 30 3 0 7 0 2 3 0 2 2 3 0 0 0 1 0 1 0 0 54 0 0 0 0 0 0 0 0 0 20 0 0 0 5 0 0 0 0 0 0 0 0 5 0 0 0 0 10 0 2 6 0 0 0 11 
5 0 0 2 25 0 0 0 0 1 0 0 0 1 0 0 0 0 0 0 15 0 23 0 2 2 0 8 1 1 0 0 0 0 0 0 0 0 0 0 0 42 0 0 1 0 6 27 1 0 13 0 2 3 0 2 4 3 1 0 0 1 0 0 0 0 50 0 0 0 2 0 0 1 0 0 23 0 0 0 7 0 0 0 0 0 0 0 0 5 0 0 0 0 4 0 3 3 3 0 0 12 
8 0 30 0 2 33 0 0 0 0 0 0 0 0 0 0 1 0 1 0 0 0 0 0 0 0 0 0 0 0 0 10 0 0 0 3 0 1 1 1 0 33 2 0 0 0 0 0 0 0 0 0 14 0 0 0 0 0 0 0 1 0 0 1 0 0 1 0 1 0 0 0 0 51 14 9 7 1 3 0 0 0 0 0 0 0 38 0 0 0 1 25 0 0 0 0 0 0 0 15 0 0 
3 0 65 0 0 15 0 0 0 0 0 41 0 2 23 0 0 1 0 0 0 0 1 0 0 1 0 0 0 4 1 0 0 0 0 0 5 0 1 8 0 0 0 0 0 8 1 10 0 7 0 0 2 0 0 0 0 40 0 1 21 5 0 0 0 2 0 3 0 0 1 0 0 0 7 0 0 0 0 0 1 7 2 0 0 0 3 0 0 1 0 0 0 1 0 0 0 6 3 0 0 0 
3 0 27 0 2 36 0 0 0 0 0 0 0 0 0 0 2 0 0 0 0 0 0 0 0 0 0 0 0 0 0 13 0 0 0 3 0 0 0 3 0 41 5 0 0 0 0 0 0 0 0 0 16 1 0 0 0 0 0 0 0 0 0 0 0 0 0 1 0 0 0 0 1 36 14 14 5 0 2 0 0 0 0 0 0 0 27 0 0 0 3 30 1 0 0 0 0 0 0 16 0 1 
2 0 66 0 0 21 0 0 0 0 0 39 0 2 20 0 0 0 0 0 0 0 2 0 2 0 0 0 0 2 1 0 0 0 0 0 5 0 2 6 1 0 0 0 0 12 2 6 0 13 0 0 0 0 0 0 0 25 0 0 14 8 0 0 0 0 0 10 0 1 3 0 1 0 6 0 0 0 0 0 4 5 0 0 0 0 3 0 0 0 0 0 0 8 0 0 0 4 6 0 0 0 
8 0 1 4 30 0 0 0 0 0 0 0 0 0 0 0 0 0 0 0 16 0 27 0 1 1 0 6 0 1 0 0 0 0 0 0 0 0 0 0 0 47 0 0 2 0 2 22 3 0 15 0 8 3 0 1 1 2 0 0 0 0 0 0 0 0 42 0 0 0 5 0 0 0 0 0 22 0 0 0 3 0 0 1 0 0 0 0 0 10 0 0 0 0 5 0 5 3 0 0 0 11 
5 0 35 0 2 43 0 0 0 0 0 0 0 0 0 0 0 0 1 0 0 0 0 0 0 0 0 1 0 0 0 5 0 0 0 4 0 0 0 3 1 30 2 0 0 0 0 0 0 0 0 0 16 4 0 0 0 0 0 0 0 0 0 0 0 0 0 0 1 0 0 0 0 49 15 13 7 1 4 0 0 0 0 0 0 0 25 0 0 0 1 29 1 0 0 0 0 0 0 7 0 0 
4 0 6 6 0 30 0 0 14 0 0 0 2 0 0 105 0 0 0 0 1 0 0 0 0 0 0 0 0 1 7 0 0 0 1 0 3 0 8 2 0 0 0 0 7 0 0 0 4 0 0 0 0 0 3 0 0 25 0 0 0 0 0 0 0 1 0 1 12 0 3 0 8 16 0 0 0 1 0 0 0 0 0 0 0 0 3 2 0 0 3 0 0 0 10 2 0 3 3 0 0 7 
9 0 0 3 40 0 0 0 0 0 0 0 0 2 0 0 0 0 0 0 15 0 19 0 1 2 0 5 0 0 0 0 2 0 0 0 0 0 0 0 0 48 0 0 1 0 4 23 1 0 17 0 3 0 0 0 4 2 0 0 0 0 0 0 0 0 43 1 0 0 6 0 0 0 0 0 25 0 0 0 3 0 0 1 0 1 0 0 0 2 0 0 0 0 6 0 4 3 0 0 0 13 
6 0 0 1 33 0 0 0 0 1 0 0 0 0 0 0 1 0 0 0 17 0 28 0 1 3 0 8 0 2 0 0 0 0 0 0 0 0 0 0 0 39 0 0 0 0 3 37 3 0 10 0 6 5 0 0 1 1 0 0 0 1 0 0 0 0 38 0 0 0 0 0 0 0 0 0 30 0 0 0 3 0 0 0 0 0 0 0 0 2 0 0 0 0 5 0 1 6 1 0 0 13 
9 0 37 0 1 46 0 0 0 0 0 0 0 0 0 0 1 0 0 0 0 0 0 0 0 0 0 0 0 0 0 4 0 0 0 5 1 0 1 3 1 27 4 0 0 0 0 0 0 0 0 0 14 1 0 0 0 0 0 0 0 0 0 0 0 0 0 1 2 0 0 0 0 43 12 18 6 0 4 0 0 0 0 0 0 0 31 0 0 0 3 22 2 0 0 0 0 0 0 9 0 1 
1 0 0 1 34 0 0 0 0 0 0 0 0 0 0 0 0 0 0 0 12 0 25 0 0 1 0 2 0 0 0 0 0 1 0 0 0 0 0 0 0 42 0 0 1 1 4 34 4 0 14 0 5 4 0 0 3 1 0 0 0 0 0 0 0 0 54 0 0 0 6 0 0 0 0 0 14 0 0 0 1 0 0 0 0 0 0 0 0 7 0 0 0 0 8 0 6 3 0 0 0 12 
2 0 15 0 0 0 0 0 0 0 0 0 4 3 0 0 0 0 5 5 0 0 7 6 0 0 0 0 2 15 34 0 2 3 5 0 0 3 0 0 0 0 0 0 0 0 0 9 41 0 0 0 5 0 5 2 0 7 0 0 0 0 0 0 2 0 0 0 0 0 0 0 1 0 0 1 6 0 0 0 0 49 6 0 0 0 0 0 10 0 6 0 0 0 1 0 15 0 24 1 0 0 
3 0 39 0 3 34 0 0 0 0 0 0 0 0 0 0 3 0 0 0 0 0 0 0 0 0 0 1 0 0 0 11 0 1 0 0 1 0 0 1 0 34 7 0 0 0 0 0 0 0 0 0 11 1 0 0 0 0 0 0 0 0 0 2 0 0 0 0 1 0 0 0 0 40 9 11 5 0 11 0 0 0 0 0 0 0 32 0 0 2 0 25 2 0 0 0 0 0 0 12 0 1 
5 0 11 0 0 0 0 0 0 0 0 0 9 0 1 0 0 0 4 9 0 0 8 11 0 0 0 0 0 19 28 0 8 1 4 0 0 4 0 0 0 0 0 0 0 0 0 14 38 0 0 0 9 3 2 3 0 2 0 0 1 0 0 0 2 0 0 0 0 0 0 0 1 0 0 3 3 1 0 0 0 50 5 0 0 0 0 0 7 0 2 0 0 1 1 0 18 0 15 2 0 0 
9 0 0 0 0 45 18 0 3 0 0 0 20 0 0 3 0 0 0 2 2 9 4 0 3 0 0 0 0 0 0 0 0 0 0 0 19 0 0 0 48 0 0 0 0 3 0 0 0 0 0 6 0 0 0 0 8 0 4 37 0 0 0 0 0 1 0 5 1 0 0 2 0 0 7 0 1 25 0 0 0 0 0 3 0 0 0 0 0 4 0 2 0 3 0 0 10 0 1 1 0 0 
5 0 6 0 0 0 0 0 0 0 0 0 4 1 1 1 0 0 3 6 0 0 7 7 0 0 0 0 0 17 28 0 4 3 4 0 0 3 0 0 0 0 0 0 0 0 0 12 29 0 0 0 9 0 0 9 0 2 0 0 1 0 0 0 0 0 0 0 0 0 0 0 0 0 0 1 5 0 0 0 0 61 3 0 0 0 0 0 9 0 4 0 0 1 0 0 32 0 22 5 0 0 
9 0 6 3 1 37 0 0 19 0 0 0 0 0 0 93 0 0 0 0 5 0 0 0 0 0 0 0 0 0 10 0 0 0 0 0 1 0 11 3 0 0 0 0 1 0 0 1 6 0 0 0 0 0 3 0 0 18 0 0 1 0 0 0 0 1 1 5 16 0 2 0 5 18 0 0 0 1 1 0 0 0 0 0 0 0 2 5 0 0 0 0 2 0 6 0 0 5 1 0 0 10 
10 0 62 0 0 13 0 0 0 0 0 30 0 2 28 0 0 0 0 0 0 0 3 0 0 0 0 0 0 1 1 0 0 0 0 0 2 0 2 4 1 0 0 0 0 15 5 6 0 9 0 1 2 0 0 0 0 42 0 1 12 9 0 0 0 0 0 2 0 3 2 0 1 0 11 0 0 0 0 0 0 8 4 0 0 0 3 0 0 0 4 0 0 3 0 0 1 2 5 0 0 0 
1 0 7 1 1 31 0 0 8 0 0 0 2 1 0 87 0 0 0 0 3 0 0 0 0 0 0 0 0 3 11 0 0 0 0 0 2 0 10 0 0 0 0 0 1 0 0 0 7 0 1 0 0 0 1 0 0 31 0 0 0 0 0 0 0 0 0 4 14 0 5 0 7 20 0 0 0 2 3 0 0 0 0 0 0 0 0 1 0 0 2 0 2 0 10 2 0 10 0 1 0 9 
5 0 0 5 35 0 0 0 0 1 0 0 0 1 0 0 0 0 0 0 16 0 27 0 0 5 0 3 1 0 0 0 2 0 0 0 0 0 0 0 0 42 0 0 2 0 2 36 4 0 11 0 5 2 0 0 1 3 1 0 0 1 0 0 0 0 34 0 0 0 1 0 0 0 0 0 22 0 0 0 5 0 0 0 0 0 0 0 0 3 0 0 0 0 13 0 1 6 0 0 0 9 
7 0 7 1 0 0 0 0 0 0 0 0 2 1 0 1 0 0 3 5 0 0 11 10 0 0 0 0 1 23 33 0 2 6 8 0 0 2 0 0 0 0 0 0 0 0 0 5 42 0 0 0 7 0 2 3 0 6 0 0 0 0 0 0 2 0 0 0 0 0 0 0 1 0 0 0 4 0 0 0 0 49 4 0 0 0 0 1 4 0 7 0 1 0 1 0 14 0 30 1 0 0 
9 0 11 0 0 0 0 0 0 0 0 0 6 3 0 0 0 0 4 8 0 0 6 6 0 0 0 0 0 12 29 0 3 1 5 0 0 1 0 0 0 0 0 0 0 0 0 13 40 0 0 0 3 3 2 2 0 6 0 0 1 0 0 0 4 0 0 0 0 0 0 0 1 0 0 4 9 0 0 0 0 59 3 0 0 0 0 1 5 0 8 0 0 0 2 0 20 0 18 1 0 0 
9 1 67 0 0 19 0 0 0 0 0 31 0 1 26 0 0 0 0 0 0 0 5 0 0 2 0 0 0 1 0 0 0 0 0 0 5 0 2 5 0 0 0 0 0 12 2 5 0 7 0 1 2 0 0 0 0 40 0 0 12 9 1 0 0 1 0 6 0 0 1 0 1 0 15 0 0 0 0 0 1 4 4 0 0 0 1 0 0 2 0 0 0 4 0 0 0 1 4 0 0 0 
10 0 73 0 0 19 0 0 0 0 0 18 0 2 19 0 0 0 0 0 0 0 1 0 1 0 0 0 0 0 1 0 0 0 0 0 6 0 3 10 0 0 0 0 0 9 2 20 0 4 0 2 1 0 0 0 0 45 0 0 16 11 0 0 1 0 0 2 0 0 1 0 0 0 5 0 0 1 0 0 1 8 7 0 0 0 0 0 0 0 1 0 0 3 0 0 0 2 5 0 0 0 
8 0 65 0 0 20 0 0 0 0 0 29 0 1 15 0 0 0 0 0 0 0 2 0 1 1 0 0 0 2 1 0 0 0 0 0 5 0 2 9 1 0 0 0 0 20 5 6 0 6 0 2 6 0 0 0 0 37 0 0 9 5 0 0 0 0 0 3 0 0 0 0 0 0 10 0 0 2 0 0 3 7 3 0 0 0 1 0 0 1 0 0 0 6 0 0 1 2 11 0 0 0 
4 0 0 4 26 0 0 0 0 0 0 0 0 1 0 0 1 0 0 0 11 0 23 0 2 1 0 4 0 0 0 0 0 0 0 0 0 0 0 0 0 42 0 0 1 0 2 24 4 0 10 1 5 0 0 1 5 1 0 0 0 4 0 0 0 0 54 1 0 0 2 0 0 0 0 0 31 0 0 0 5 0 0 0 0 0 0 0 0 6 0 0 0 0 5 0 1 8 3 0 0 11 
3 0 23 1 0 41 1 0 0 0 0 0 0 0 0 0 1 0 1 0 0 0 0 0 1 0 0 0 0 0 0 9 0 0 0 4 0 0 0 1 1 36 3 0 0 0 0 0 0 0 0 0 14 1 0 0 0 0 0 0 0 0 0 1 0 0 0 0 0 0 0 0 0 54 8 10 9 0 9 0 0 0 0 0 0 0 31 0 0 0 0 31 1 0 0 0 0 0 0 8 0 0 
4 0 38 0 1 44 1 0 0 0 0 0 0 0 0 1 0 0 1 0 0 0 0 0 0 0 0 0 0 0 0 11 0 0 0 1 0 0 1 2 0 26 2 0 0 0 0 0 0 0 0 0 12 0 0 0 0 0 0 0 0 0 0 0 0 0 0 0 0 0 0 0 0 37 6 17 6 1 4 0 0 0 0 0 0 0 47 0 0 0 1 23 3 0 0 0 0 0 0 13 0 1 
3 0 34 0 3 45 0 0 0 0 0 0 0 0 0 0 0 0 0 0 0 0 0 0 0 1 0 2 0 0 0 9 0 0 0 5 0 0 1 4 0 29 1 0 0 0 0 0 0 0 0 0 6 1 0 0 1 0 0 0 1 0 0 0 0 0 1 0 0 0 0 0 0 36 19 14 5 1 8 0 0 0 0 0 0 0 37 0 0 0 3 17 0 0 0 0 0 0 0 14 0 2 
8 0 8 0 0 0 0 0 0 0 0 0 5 0 1 0 0 0 5 8 0 0 8 18 0 0 0 0 0 23 33 0 3 1 3 0 0 4 0 0 0 0 0 0 0 0 0 7 49 0 0 0 9 0 1 5 0 1 0 0 0 0 0 0 2 0 0 0 0 0 0 0 0 0 0 2 5 0 0 0 0 56 5 0 0 0 0 0 6 0 1 0 0 0 1 0 12 0 18 0 0 0 
10 0 32 0 2 38 0 0 0 0 0 0 0 0 0 0 0 0 0 0 0 0 0 0 0 0 0 0 0 0 0 9 0 0 0 2 1 0 0 5 0 36 5 0 0 0 0 0 0 0 0 0 12 1 0 0 0 0 0 0 0 0 0 0 0 0 0 0 0 0 0 0 0 36 8 18 6 0 8 0 0 0 0 0 0 0 34 0 0 0 0 27 2 0 0 0 0 0 0 16 0 2 
6 0 34 0 0 44 0 0 0 0 0 0 0 0 0 1 4 0 1 0 0 0 0 0 0 0 0 0 0 0 0 5 0 0 0 5 1 0 0 3 2 36 1 0 0 0 0 0 0 0 0 0 6 4 0 0 0 0 0 0 1 0 0 0 0 0 0 0 0 0 0 0 0 42 11 11 9 0 6 0 0 0 0 0 0 0 29 0 0 3 3 25 1 0 0 0 0 0 0 11 0 1 
6 0 1 4 29 0 0 0 0 0 0 1 0 0 0 0 0 0 0 0 19 0 20 0 1 1 0 4 0 0 0 0 2 0 0 0 0 0 0 0 0 37 0 0 1 0 4 20 5 0 11 0 10 6 0 0 3 2 0 0 0 1 0 0 1 0 46 0 0 0 3 0 0 0 0 0 31 0 0 0 4 0 0 1 0 0 0 0 0 7 0 0 0 0 6 0 1 8 3 0 0 7 
1 0 28 0 2 50 0 0 0 0 0 0 0 0 0 0 0 0 0 0 0 0 0 0 0 0 0 1 0 0 0 15 0 0 0 5 0 0 0 1 0 38 5 0 0 0 0 0 0 0 0 0 6 1 0 0 0 0 0 0 2 0 0 1 0 0 0 0 0 0 0 0 0 45 6 15 11 1 3 0 0 0 0 0 0 0 34 0 0 0 2 17 1 0 0 0 0 0 0 10 0 0 
1 0 1 3 35 0 0 0 0 0 0 0 0 0 0 0 0 0 0 0 17 0 26 0 0 5 1 2 0 0 0 0 0 0 0 0 0 0 0 0 0 57 0 0 1 0 1 18 4 0 12 0 7 1 0 0 3 1 1 0 0 0 0 0 1 0 47 0 0 0 1 0 0 0 0 0 23 0 0 0 3 0 0 0 0 0 0 0 0 4 0 0 0 0 7 0 4 4 0 0 0 10 
7 0 28 0 2 34 0 0 0 0 0 0 0 0 0 1 1 0 0 0 0 0 0 0 0 0 0 2 0 0 0 10 0 0 0 2 0 0 0 2 1 25 3 0 0 0 0 0 0 0 0 0 11 2 0 0 0 0 0 0 0 0 0 0 0 0 0 0 1 0 0 0 0 53 9 12 10 0 3 0 0 0 0 0 0 0 40 0 0 0 2 31 0 0 0 0 0 0 0 14 0 1 
9 0 25 0 1 37 0 0 0 0 0 0 0 0 0 0 2 0 0 0 0 0 0 0 0 1 0 1 0 0 0 7 0 0 0 2 0 0 0 4 0 40 5 0 0 0 0 0 0 0 0 0 11 2 0 0 1 0 0 0 2 0 0 0 0 0 0 1 1 0 0 0 1 40 8 18 8 1 3 0 0 0 0 0 0 0 38 0 0 0 1 23 0 0 0 0 0 0 0 15 0 1 
5 0 36 0 0 52 0 0 0 0 0 0 0 0 0 0 0 0 0 0 0 0 0 0 0 0 0 0 0 0 0 8 0 0 0 2 1 0 0 0 2 25 2 0 0 0 0 0 0 0 0 0 16 1 0 0 0 0 0 0 1 0 0 0 0 0 0 0 1 0 0 0 0 44 7 13 3 0 7 0 0 0 0 0 0 0 31 0 0 0 2 26 0 0 0 0 0 0 0 20 0 0 
4 0 61 0 0 16 0 0 0 0 0 33 0 2 20 0 0 0 0 0 0 0 1 0 0 1 0 0 0 2 1 0 0 0 0 0 5 0 2 10 0 0 0 0 0 16 1 8 0 11 0 0 3 0 0 0 0 54 0 1 13 6 0 0 1 0 0 3 0 0 1 0 0 0 8 0 0 2 0 0 2 3 1 0 0 0 0 0 0 0 1 0 0 5 0 0 0 1 5 0 0 0 
10 0 35 0 3 41 1 0 0 0 1 0 0 0 0 0 1 0 0 0 0 0 0 0 0 0 0 1 0 0 0 10 0 0 0 5 0 0 0 1 1 31 6 0 0 0 0 0 0 0 0 0 12 2 0 0 0 0 0 0 0 0 0 0 0 0 1 0 1 0 0 0 0 40 13 14 7 2 5 0 0 0 0 0 0 0 35 0 0 0 3 15 1 0 0 0 0 0 0 11 0 1 
3 0 37 0 1 45 0 0 0 0 0 0 0 0 0 0 1 0 0 0 0 0 0 0 1 0 0 0 0 0 0 11 0 0 0 3 0 0 1 3 0 31 2 0 0 0 0 0 0 0 0 0 15 0 0 0 0 0 0 0 1 0 0 0 0 0 0 0 2 0 0 0 0 33 9 19 6 0 5 0 0 0 0 0 0 0 41 0 0 0 0 19 1 0 0 0 0 0 0 12 0 1 
9 0 27 0 0 43 0 0 0 0 0 0 0 0 0 0 0 0 0 0 0 0 0 0 0 0 0 2 0 0 0 12 0 0 0 2 1 0 0 2 0 40 4 0 0 0 0 0 0 0 0 0 13 3 0 0 0 0 0 0 0 0 0 0 0 0 0 0 0 0 0 0 1 45 10 16 2 1 1 0 0 0 0 0 0 0 44 0 0 0 0 23 0 0 0 0 0 0 0 8 0 0 
8 0 30 0 0 37 0 0 0 0 0 0 0 0 0 0 0 0 0 0 0 0 0 0 1 1 0 0 0 0 0 12 0 0 0 3 1 0 0 1 1 31 6 0 0 0 0 0 0 0 0 0 14 1 0 0 1 0 0 0 0 0 0 1 0 0 0 0 1 0 0 0 0 55 6 20 3 1 3 0 0 0 0 0 0 0 33 0 0 0 3 22 1 0 0 0 0 0 0 9 0 2 
3 0 66 0 0 10 0 0 0 0 0 29 0 2 24 0 0 0 0 0 0 0 2 0 1 0 0 0 0 0 2 0 0 0 0 0 5 0 2 5 0 0 0 0 0 15 6 10 0 8 0 1 2 0 0 0 0 45 0 1 9 6 1 0 0 1 0 5 0 0 1 0 0 0 9 0 0 0 0 0 2 7 4 0 0 0 0 0 0 3 0 0 0 7 0 0 0 2 7 0 0 0 
3 0 40 0 2 32 0 0 0 0 0 0 0 0 0 1 1 0 0 0 0 0 0 0 0 0 0 2 0 0 0 8 0 0 0 3 0 0 0 1 3 30 5 0 0 0 0 0 0 0 0 0 14 2 0 0 0 0 0 0 0 0 0 0 0 0 1 0 0 0 0 0 1 45 16 16 3 1 4 0 0 0 0 0 0 0 24 0 0 2 0 25 0 0 0 0 0 0 0 17 0 1 
8 0 47 0 0 31 1 0 0 0 0 0 0 0 0 1 1 0 0 0 0 0 0 0 0 1 0 0 0 0 0 8 0 0 0 2 0 0 0 3 1 33 4 0 0 0 0 0 0 0 0 0 6 1 0 0 0 0 0 0 2 0 0 0 0 0 0 1 1 0 0 0 0 39 11 14 6 1 1 0 0 0 0 0 0 0 38 0 0 1 3 29 0 0 0 0 0 0 0 13 0 0 
10 0 0 1 0 0 0 96 0 0 0 1 0 13 0 0 0 31 0 0 0 4 0 0 1 0 0 0 0 2 0 0 0 0 0 0 0 0 0 3 0 0 0 2 2 0 0 0 1 0 0 1 14 30 0 0 0 0 0 0 0 0 1 38 0 15 0 0 0 0 2 6 2 0 0 5 0 0 1 0 0 0 6 0 0 0 3 0 0 0 0 0 0 1 2 0 0 0 0 0 10 6 
7 1 2 0 38 0 0 0 0 0 0 0 0 1 0 0 0 0 0 0 12 0 24 0 1 1 0 5 1 1 0 0 3 0 0 0 0 0 0 0 0 30 0 0 0 1 1 34 5 0 10 1 5 1 0 2 1 3 0 0 0 0 0 0 1 0 52 1 0 0 1 0 0 0 0 0 29 0 0 0 4 0 0 0 0 0 0 0 0 5 0 0 0 0 3 0 2 4 1 0 0 14 
10 0 77 0 0 13 0 0 0 0 0 39 0 0 24 0 0 3 0 0 0 0 1 0 0 0 0 0 0 1 0 0 0 0 0 0 1 0 2 8 0 0 0 0 0 15 3 7 0 9 0 3 2 0 0 0 0 31 0 1 11 3 0 0 2 0 0 3 0 1 2 0 0 0 11 0 0 0 0 0 1 8 2 0 0 0 1 0 0 0 0 0 0 4 0 0 0 1 10 0 0 0 
4 0 5 0 0 0 0 0 0 0 0 0 9 2 0 0 0 0 2 6 0 0 7 7 0 0 0 0 0 14 32 0 3 3 4 0 0 5 0 0 0 0 0 0 0 0 0 9 41 0 0 0 5 0 1 4 0 5 0 0 0 0 0 0 0 0 0 0 0 0 0 0 3 0 0 3 5 0 0 0 0 66 4 0 0 0 0 1 10 0 5 0 0 0 0 0 16 0 20 3 0 0 
5 0 33 0 2 36 0 0 0 0 0 0 0 0 0 0 0 0 0 0 0 0 0 0 0 2 0 0 0 0 0 8 0 0 0 5 0 0 0 2 3 25 5 0 0 0 0 0 0 0 0 0 10 1 0 0 0 0 0 0 0 0 0 2 0 0 0 1 0 0 0 0 0 52 10 17 3 0 3 0 0 0 0 0 0 0 35 0 0 0 2 23 1 0 0 0 0 0 0 18 0 1 
9 0 17 4 0 27 0 0 19 0 0 0 1 0 0 82 0 0 0 0 4 0 0 0 0 0 1 0 0 1 16 0 0 0 0 0 2 0 10 2 0 0 0 0 2 0 0 0 7 0 1 0 0 0 1 0 0 19 0 0 0 0 0 0 0 5 0 3 5 0 2 0 6 26 0 0 0 1 1 1 0 0 0 0 0 0 0 0 0 1 2 0 0 0 9 1 0 8 0 0 0 13 
5 0 35 0 1 30 0 0 0 0 0 0 0 0 0 0 2 0 0 0 0 0 0 0 0 0 0 1 0 0 0 10 0 0 0 3 0 0 2 2 1 32 5 0 0 0 0 0 0 0 0 0 10 0 0 0 0 0 0 0 1 0 0 1 0 0 1 0 0 0 0 0 0 48 7 16 5 1 8 0 0 0 0 0 0 0 42 0 0 0 0 23 0 0 0 0 0 0 0 12 0 1 
4 0 0 3 28 0 0 0 0 0 0 0 0 1 0 0 0 0 0 0 13 0 29 0 0 3 0 5 0 1 0 0 0 0 0 0 0 0 0 0 0 37 0 0 0 0 6 26 7 0 10 1 6 2 0 2 2 2 0 0 0 0 0 0 0 0 52 1 0 0 1 1 0 0 0 0 28 0 0 0 5 0 0 0 0 0 0 0 0 4 0 0 0 0 4 0 2 3 2 0 0 13 
7 0 32 0 0 39 0 0 0 0 0 0 0 0 0 1 1 0 0 0 0 0 0 0 0 0 0 1 0 0 0 8 0 0 0 1 1 0 0 3 6 38 2 0 0 0 0 0 0 0 0 0 10 1 0 0 0 0 0 0 1 0 0 0 0 0 0 1 0 0 0 0 0 34 7 16 9 0 3 0 0 0 0 0 0 0 42 0 0 2 1 25 1 0 0 0 0 0 0 14 0 0 
5 0 30 1 2 45 0 0 0 0 0 0 0 0 0 0 0 0 1 0 0 0 0 0 0 0 0 2 0 0 0 6 0 0 0 2 1 0 0 5 2 43 6 0 0 0 0 0 0 0 0 0 7 3 0 0 0 0 0 0 0 0 0 1 0 0 0 0 0 0 0 0 0 45 10 16 1 1 2 0 0 0 0 0 0 0 27 0 0 0 2 21 1 0 0 0 0 0 0 16 0 1 
8 0 29 0 1 50 0 0 0 0 0 0 0 0 0 0 1 0 0 0 0 0 0 0 0 0 0 2 0 0 0 11 0 0 0 4 0 0 0 2 0 33 5 0 0 0 0 0 0 0 0 0 13 2 0 0 0 0 0 0 1 0 0 0 0 0 0 1 0 0 0 0 0 43 6 9 5 0 6 0 0 0 0 0 0 0 43 0 0 0 2 18 0 0 0 0 0 0 0 13 0 0 
10 0 25 1 0 43 0 0 0 0 0 0 0 0 0 1 3 0 0 0 0 0 0 0 0 0 0 1 0 0 0 7 0 0 0 3 1 0 1 2 0 37 4 0 0 0 0 0 0 0 0 0 18 0 0 0 0 0 0 0 0 0 0 1 0 0 0 0 0 0 0 0 1 35 11 11 4 0 2 0 0 0 0 0 0 0 44 0 0 1 1 27 0 0 0 0 0 0 0 14 0 1 
7 0 16 5 0 34 0 0 15 0 1 0 3 0 0 88 0 0 0 0 2 0 0 0 0 0 0 0 0 3 9 0 0 0 1 0 1 0 5 2 0 0 0 0 2 0 0 0 7 1 3 0 0 0 0 0 0 19 0 0 0 0 0 0 0 1 1 3 11 0 0 0 9 24 0 0 0 1 0 0 0 0 0 0 0 0 2 2 0 0 4 0 2 0 9 0 0 4 0 0 0 10 
5 0 7 6 0 30 0 0 24 0 0 0 2 0 0 96 0 0 0 0 3 0 0 0 0 0 0 0 0 1 10 0 0 0 1 0 1 0 9 1 0 0 0 0 2 0 0 0 6 0 1 0 0 0 1 0 0 20 0 0 0 0 0 1 0 3 2 2 10 0 4 0 7 20 0 0 0 1 0 1 0 0 0 0 0 0 1 3 0 0 4 0 2 0 6 0 0 8 1 0 0 3 
1 0 6 2 0 52 0 0 15 0 0 0 2 0 0 104 0 0 0 0 3 0 0 0 0 0 0 0 0 0 16 0 0 0 1 0 0 0 13 1 0 0 0 0 1 0 0 0 4 0 1 0 0 0 1 0 0 18 0 0 0 0 0 0 0 0 1 2 9 0 1 0 7 13 0 0 0 1 2 1 0 0 0 0 0 0 0 2 0 1 0 0 4 0 7 1 0 2 0 0 0 6 
1 0 32 1 0 40 2 0 0 0 0 0 0 0 0 0 0 0 0 0 0 0 0 0 0 0 0 1 0 0 0 8 1 0 0 3 0 0 0 1 0 40 3 0 0 0 0 0 0 0 0 0 9 3 0 0 0 0 0 0 0 0 0 1 0 0 0 0 1 0 0 0 0 60 7 11 8 1 4 0 0 0 0 0 0 0 38 0 0 1 1 11 1 0 0 0 0 0 0 11 0 0 
1 0 1 1 33 0 0 0 0 1 0 0 0 0 0 0 0 0 0 0 14 0 21 0 0 3 0 6 0 0 0 0 0 0 0 0 0 0 0 0 0 46 0 0 1 0 3 28 4 0 12 0 14 3 0 2 1 0 0 0 0 0 0 0 0 0 48 0 0 0 3 0 0 0 0 0 18 0 0 0 5 0 0 1 0 0 0 0 0 5 0 0 0 0 6 0 1 4 1 0 0 14 
9 0 32 0 1 43 0 0 0 0 0 0 0 0 0 0 0 0 0 0 0 0 0 0 0 1 0 0 0 0 0 12 0 0 0 1 0 0 0 2 3 45 4 0 0 0 0 0 0 0 0 0 14 4 0 0 0 0 0 0 1 0 0 0 0 0 0 0 1 0 0 0 0 47 5 9 5 0 2 0 0 0 0 0 0 0 35 0 0 1 2 23 0 0 0 0 0 0 0 7 0 0 
10 0 32 1 1 42 1 0 0 0 0 0 0 0 0 0 2 0 0 0 0 0 0 0 0 0 0 0 0 0 0 7 0 0 0 3 1 0 0 5 0 33 4 0 0 0 0 0 0 1 0 0 13 1 0 0 0 0 0 0 2 0 0 1 0 0 0 0 1 0 0 0 0 44 6 10 5 1 9 0 0 0 0 0 0 0 34 0 0 2 1 19 1 0 0 0 0 0 0 17 0 0 
3 1 12 2 0 42 0 0 15 0 0 0 3 0 0 89 0 0 0 0 5 0 0 0 0 0 0 0 0 1 8 0 0 0 1 0 2 0 4 1 0 0 0 0 1 0 0 0 8 0 4 0 0 0 1 0 0 23 0 0 0 0 0 1 0 1 4 1 13 0 2 0 7 18 0 0 0 1 1 0 0 0 0 0 0 0 1 1 0 0 4 0 1 0 10 0 0 6 0 1 0 5 
5 0 0 0 0 38 10 0 3 0 0 0 16 0 0 4 0 0 0 2 0 8 0 0 9 0 0 0 0 0 0 0 0 0 0 0 14 0 0 0 62 0 0 0 0 6 0 0 0 0 0 3 0 0 0 0 3 1 5 36 0 0 0 0 0 0 0 12 1 0 0 0 0 0 13 0 2 17 0 1 1 0 0 4 0 0 0 0 0 7 0 4 0 0 0 0 18 0 0 0 0 0 
10 0 1 3 34 0 0 0 0 0 0 0 0 1 0 0 0 0 0 0 18 0 27 0 0 4 0 5 0 1 0 0 1 0 0 0 0 0 0 0 0 40 0 0 2 0 2 26 4 0 6 0 8 3 0 2 3 1 0 0 0 2 0 0 0 0 45 1 0 0 4 0 0 0 0 0 22 0 0 0 5 0 0 0 0 0 0 0 0 2 0 0 0 0 7 0 2 6 1 0 0 11 
7 1 0 1 28 0 0 0 0 0 0 0 0 0 0 0 0 0 0 0 22 0 31 0 0 2 0 4 0 2 0 0 0 0 0 0 0 0 0 0 0 42 0 0 2 1 3 33 3 0 3 0 3 1 0 1 2 3 0 0 0 0 0 0 0 0 54 0 0 0 0 0 0 0 0 0 27 0 0 0 1 0 0 0 0 0 0 0 0 4 0 0 0 0 7 0 2 4 1 0 0 13 
6 0 35 0 2 49 0 0 0 0 0 0 0 0 0 0 2 0 2 0 0 0 0 0 0 0 0 1 0 0 0 8 0 1 0 1 0 0 0 1 1 31 4 0 0 0 0 0 0 0 0 0 17 1 0 0 0 0 0 0 0 0 0 0 0 0 0 0 0 0 0 0 0 31 7 17 8 0 4 0 0 0 0 0 0 0 43 0 0 0 1 19 1 0 0 0 0 0 0 12 0 1 
8 0 84 0 0 15 0 0 0 0 0 29 0 1 17 0 0 0 0 0 0 0 2 0 0 1 0 0 0 0 1 0 0 0 0 0 7 0 3 5 0 0 0 0 0 13 5 4 0 3 0 0 2 0 0 0 0 41 0 1 17 8 0 0 1 2 0 2 0 1 0 0 0 0 12 0 0 1 0 0 0 4 1 0 0 0 0 0 0 1 0 0 0 4 0 0 0 4 8 0 0 0 
7 0 36 0 1 35 1 0 0 0 0 0 0 0 0 0 2 0 0 0 0 0 0 0 0 0 0 0 0 0 0 14 0 0 0 2 0 0 0 3 1 29 4 0 0 0 0 0 0 0 0 0 9 2 0 0 0 0 0 0 1 0 0 0 0 0 2 0 1 0 0 0 0 43 7 14 10 0 3 0 0 0 0 0 0 0 40 0 0 1 0 23 2 0 0 0 0 0 0 13 0 1 
7 1 0 0 37 0 0 0 0 0 0 0 0 0 0 0 1 0 0 0 21 0 31 0 0 0 0 6 0 0 0 0 0 0 0 0 0 0 0 0 0 38 0 0 0 0 1 37 4 0 11 0 3 2 0 1 5 2 0 0 0 3 0 0 1 0 31 0 0 0 1 0 0 0 0 0 23 0 0 0 3 0 0 3 0 0 0 0 0 3 0 0 0 0 7 0 1 7 1 0 0 16 
4 0 0 3 34 0 0 0 0 0 0 0 0 0 0 0 0 0 0 0 15 0 17 0 0 9 0 3 0 0 0 0 2 0 0 0 0 0 0 0 0 44 0 0 1 0 1 34 3 0 13 0 3 2 0 1 5 1 1 0 0 1 0 0 0 0 49 0 0 0 0 0 0 1 0 0 23 0 0 0 4 0 0 0 0 0 0 0 0 6 0 1 0 0 6 0 3 4 0 0 0 10 
3 0 42 0 2 33 0 0 0 0 0 0 0 0 0 0 2 0 0 0 0 0 0 0 0 0 0 1 0 0 1 13 0 1 0 1 0 0 0 2 1 31 2 0 0 0 0 0 0 0 0 0 12 1 0 0 0 0 0 0 2 0 0 0 0 0 0 0 0 0 0 0 0 35 10 19 6 0 4 0 0 0 0 0 0 0 37 0 0 0 0 28 0 0 0 0 0 0 0 13 0 1 
6 0 28 1 2 47 0 0 0 0 0 0 0 0 0 0 2 0 1 0 0 0 0 0 0 0 0 0 0 0 0 14 0 0 0 2 1 0 0 0 2 36 3 0 0 0 0 0 0 0 0 0 12 2 0 0 0 0 0 0 0 0 0 1 0 0 0 0 1 0 0 0 0 39 9 14 3 0 3 0 0 0 0 0 0 0 40 0 0 0 0 27 1 0 0 0 0 0 0 9 0 0 
6 0 81 0 0 19 0 0 0 0 0 25 0 2 23 0 0 3 0 1 0 0 2 0 0 1 0 0 0 0 0 0 0 0 0 0 4 0 1 9 0 0 0 0 0 11 1 10 0 8 0 4 4 0 0 0 0 36 0 0 10 3 0 0 0 1 0 6 0 0 0 0 0 0 9 0 0 0 0 0 2 7 0 0 0 0 0 0 0 3 0 0 0 4 0 0 0 4 6 0 0 0 
4 0 41 0 1 38 2 0 0 0 0 0 0 0 0 0 0 0 0 0 0 0 0 0 0 0 0 0 0 0 0 8 0 0 0 3 1 0 0 0 0 30 4 0 0 0 0 0 0 0 0 0 12 2 0 0 0 0 0 0 0 0 0 1 0 0 0 0 0 0 0 0 0 37 11 16 8 0 3 0 0 0 0 0 0 0 32 0 0 0 2 27 1 0 0 0 0 0 0 19 0 1 
8 0 74 0 0 15 0 0 0 0 0 25 0 0 31 0 0 0 0 0 0 0 2 0 0 0 0 0 0 1 1 1 0 0 0 0 3 0 3 7 0 0 0 0 0 9 5 6 0 11 0 2 5 0 0 0 0 39 0 1 8 4 0 0 0 0 0 5 0 0 0 0 0 0 8 0 0 1 0 0 1 6 3 0 0 0 0 0 0 0 1 0 0 3 0 0 0 5 14 0 0 0 
5 0 80 0 0 14 0 0 0 0 0 33 0 1 25 0 0 0 0 0 0 0 1 0 0 1 0 0 0 1 0 0 0 0 0 0 5 0 1 10 3 0 0 0 0 12 2 15 0 10 0 3 2 0 0 0 0 28 0 0 12 5 0 0 0 0 0 5 0 1 0 0 0 0 8 0 0 0 0 0 2 5 1 0 0 0 0 0 0 1 0 0 0 4 0 0 0 4 5 0 0 0 
9 0 40 0 1 37 2 0 0 0 0 0 0 0 0 0 3 0 0 0 0 0 0 0 0 0 0 1 0 0 0 7 0 0 0 4 1 0 0 0 2 40 3 0 0 0 0 0 0 0 0 0 6 1 0 0 0 0 0 0 0 0 0 0 0 0 0 0 0 0 0 0 0 42 7 15 5 1 7 0 0 0 0 0 0 0 36 0 0 0 3 23 1 0 0 0 0 0 0 11 0 1 
6 0 0 0 0 0 0 71 0 0 0 0 1 18 2 0 0 31 0 0 0 5 0 2 0 0 0 0 0 1 0 0 0 0 0 0 0 0 0 2 0 1 0 2 3 0 0 0 0 0 0 0 29 42 0 0 0 0 0 0 0 0 0 29 0 10 0 1 0 0 5 4 1 0 0 3 2 0 0 0 0 0 8 0 0 0 2 0 0 0 0 0 0 3 0 0 0 0 0 0 16 6 
5 0 33 0 2 43 0 0 0 0 0 0 0 0 0 0 0 0 0 0 0 0 0 2 0 0 0 2 0 0 0 10 0 0 0 3 0 0 1 2 1 33 4 0 0 0 0 0 0 0 0 0 11 3 0 0 0 0 0 0 1 0 0 1 0 0 0 0 0 0 0 0 0 40 11 27 7 0 5 0 0 0 0 0 0 0 29 0 0 0 1 19 1 0 0 0 0 0 0 8 0 0 
6 0 9 6 0 32 0 0 22 0 0 0 0 0 0 106 0 0 0 0 0 0 0 0 0 0 0 0 0 2 11 0 0 0 0 0 1 0 6 0 0 0 0 0 3 0 0 0 10 1 0 0 0 0 2 0 0 17 0 0 0 0 0 0 0 4 3 7 12 0 2 0 5 13 0 0 0 1 1 0 0 0 0 0 1 0 3 1 0 0 4 0 2 0 3 2 0 2 0 1 0 5 
8 0 9 0 0 0 0 0 0 0 0 0 2 1 0 1 0 0 2 4 0 0 12 11 0 0 0 0 0 25 28 0 0 4 3 0 0 5 0 0 0 0 0 0 0 0 0 12 46 0 0 0 1 1 1 4 0 2 0 0 0 0 0 0 2 0 0 0 0 0 0 0 1 0 0 0 6 1 0 0 0 59 5 0 0 0 0 0 8 0 5 0 0 0 0 0 25 0 14 0 0 0 
10 0 12 6 0 41 0 0 9 0 0 0 1 0 0 95 0 0 0 0 3 0 0 0 0 0 0 0 0 5 14 0 0 0 1 0 1 0 14 1 0 0 0 0 0 0 0 0 7 0 2 0 0 0 1 0 0 15 0 0 0 0 0 3 0 1 1 4 4 0 1 0 5 18 0 0 0 4 0 0 0 0 0 0 0 0 6 0 0 1 3 0 3 0 8 0 0 1 0 1 0 8 
9 0 10 6 0 33 0 0 18 0 0 0 0 0 0 96 0 0 0 0 2 0 0 0 0 0 0 0 0 2 10 0 0 0 1 0 2 0 7 2 0 0 0 0 1 0 0 0 8 0 1 0 1 0 5 0 0 20 0 0 0 0 0 3 0 2 2 6 11 0 2 0 4 28 0 0 0 2 0 0 0 0 0 0 0 0 0 2 0 1 2 0 0 0 6 0 0 2 0 0 0 2 
1 0 38 0 1 35 1 0 0 0 0 0 0 0 0 0 1 0 1 0 0 0 0 1 0 0 0 0 0 0 0 9 0 1 0 1 0 0 0 1 1 34 1 0 0 0 0 0 0 0 0 0 8 4 0 0 0 0 0 0 1 0 0 1 0 0 0 0 0 0 0 0 0 56 12 15 8 0 3 0 0 0 0 0 0 0 26 0 0 0 0 25 1 0 0 0 0 0 0 14 0 0 
2 0 1 0 0 48 12 0 0 0 0 0 19 0 0 5 0 0 0 2 3 8 1 0 6 0 0 0 0 0 0 0 0 0 0 0 17 0 0 0 46 0 0 0 0 1 0 0 0 0 0 6 0 0 0 0 2 1 6 38 0 0 0 0 0 0 0 12 0 0 0 0 0 0 10 0 0 23 0 0 0 0 1 3 0 0 0 0 0 14 0 1 0 0 0 0 14 0 0 0 0 0 
2 1 33 0 2 41 0 0 0 0 0 0 0 0 0 1 2 0 1 0 0 0 0 0 0 1 0 1 0 0 0 6 0 0 0 4 0 0 0 5 2 36 8 0 0 0 0 0 0 0 0 0 14 2 0 0 0 0 0 0 0 0 0 1 0 0 0 0 0 0 0 0 1 31 11 13 5 0 7 0 0 0 0 0 0 0 32 0 0 0 0 27 0 0 0 0 0 0 0 12 0 1 
4 0 31 0 2 38 0 0 0 0 0 0 0 0 0 0 0 0 0 0 0 0 0 0 0 1 0 0 0 0 0 4 0 0 0 7 0 0 0 1 1 29 8 0 0 0 0 0 0 0 0 0 17 2 0 0 0 0 0 0 0 0 0 2 0 0 0 0 0 0 0 0 0 33 7 20 5 3 5 0 0 0 0 0 0 0 40 0 0 1 1 23 1 0 0 0 0 0 0 18 0 0 
5 0 2 0 31 1 3 0 0 0 0 3 21 0 0 0 0 30 0 0 3 0 44 3 0 0 0 0 0 0 0 14 2 0 0 0 0 8 0 1 1 0 11 0 0 0 0 0 0 0 0 1 0 0 0 0 0 0 0 6 0 1 5 14 0 0 0 0 7 0 1 3 0 0 1 0 0 0 2 0 54 0 1 0 2 20 0 1 1 1 0 0 0 0 0 0 0 0 1 0 0 0 
7 1 0 2 28 0 0 0 0 0 0 0 0 0 0 0 0 0 0 0 16 0 21 0 0 4 0 4 0 0 0 0 1 0 0 0 0 0 0 0 0 47 0 0 2 0 7 22 3 0 11 0 3 1 0 3 2 1 1 0 0 0 0 0 0 0 51 0 0 0 2 0 0 0 0 0 31 0 0 0 2 0 0 1 0 0 0 0 0 4 0 0 0 0 11 0 1 7 2 0 0 9 
3 0 1 0 0 52 11 0 1 0 0 0 16 0 0 2 0 0 0 0 4 13 2 0 5 0 0 0 1 0 0 0 0 0 0 0 13 0 0 0 52 0 0 0 0 3 0 0 0 0 0 4 0 0 0 0 5 1 3 29 0 0 0 0 0 0 0 19 0 0 0 0 0 0 7 0 0 20 0 0 0 0 0 6 1 0 0 0 0 5 0 4 0 2 0 1 17 0 0 0 0 0 
3 0 2 0 20 0 7 0 0 0 0 8 22 0 0 0 0 24 0 0 4 0 39 3 0 0 0 0 0 0 0 16 0 1 0 0 0 6 0 1 0 0 9 0 0 0 0 0 0 0 0 0 0 0 0 0 0 0 0 4 0 2 11 9 0 0 0 0 14 1 0 4 0 0 0 0 0 0 0 0 53 0 1 0 0 36 0 0 0 0 0 0 0 0 0 0 0 0 3 0 0 0 
7 1 1 1 37 0 1 0 0 1 0 0 0 1 0 0 0 0 0 0 25 0 23 0 0 0 0 6 0 0 0 0 0 0 0 0 0 0 0 0 0 36 0 0 2 0 3 25 4 0 8 0 6 2 0 1 3 2 1 0 0 0 0 0 1 0 43 0 0 0 2 0 0 0 0 0 29 0 0 0 3 0 0 1 0 0 0 0 0 9 0 0 0 0 4 0 3 3 0 0 0 13 
3 1 7 4 0 39 0 0 15 0 0 0 4 0 0 93 0 0 0 0 5 0 0 0 0 0 0 0 0 3 9 0 0 0 2 0 1 0 7 3 0 0 0 0 1 0 0 1 9 0 2 0 0 0 1 0 0 20 0 0 0 0 0 1 0 3 0 0 9 0 3 0 4 20 0 0 0 1 1 0 0 0 0 0 0 0 3 1 0 1 2 0 2 0 9 2 0 1 0 0 0 11 
6 0 43 0 1 35 0 0 0 0 0 0 0 0 0 0 0 0 1 0 0 0 0 0 0 1 0 1 0 0 0 4 0 0 0 3 0 0 1 2 1 37 1 0 0 0 0 0 0 0 0 0 12 3 0 0 0 0 0 0 0 0 0 1 0 0 0 0 0 0 0 0 0 49 14 8 2 0 2 0 0 0 0 0 0 0 41 0 0 0 0 22 2 0 0 0 0 0 0 12 0 1 
7 0 41 0 3 35 0 0 0 0 1 0 0 0 0 0 1 0 0 0 0 0 0 0 0 0 0 0 0 0 0 5 0 0 0 6 3 0 0 1 1 35 2 0 0 0 0 0 0 0 0 0 11 1 0 0 0 0 0 0 2 0 0 1 0 0 0 1 0 0 0 0 0 49 7 15 8 0 3 0 0 0 0 0 0 0 35 0 0 1 0 20 0 0 0 0 0 0 0 10 0 2 
7 1 1 0 32 0 0 0 0 0 0 0 0 0 0 0 1 0 0 0 18 0 30 0 0 1 0 4 0 0 0 0 1 0 0 0 0 0 0 0 0 41 0 0 1 1 1 29 6 0 9 0 11 2 0 4 2 5 0 0 0 0 0 0 0 0 53 0 0 0 2 0 0 0 0 0 18 0 0 0 4 0 0 0 0 0 0 0 0 5 0 0 0 0 6 0 0 3 2 0 0 7 
9 0 12 4 0 43 0 0 20 0 1 0 0 0 0 100 0 0 0 0 3 0 0 0 0 0 1 0 0 1 8 0 0 0 1 0 1 0 7 1 0 0 0 0 1 0 0 0 5 0 1 0 0 0 3 0 0 18 0 0 0 0 0 1 0 4 0 2 8 0 6 0 6 13 0 0 0 3 0 0 0 0 0 0 0 0 2 0 0 1 1 0 1 0 4 1 0 5 1 0 0 10 
1 0 1 2 28 0 0 0 0 0 0 0 0 0 0 0 0 0 0 0 17 0 23 0 0 3 0 6 0 0 0 0 2 0 0 0 0 0 0 0 0 50 0 0 0 1 0 21 4 0 12 0 5 4 0 0 0 4 0 0 0 2 0 0 1 0 37 0 0 0 1 0 0 0 1 0 40 0 0 0 3 0 0 0 0 0 0 0 0 5 0 0 0 0 6 0 2 6 0 0 0 13 
10 0 35 0 1 47 0 0 0 0 0 0 0 0 0 0 0 0 0 0 0 0 0 0 0 1 0 2 0 0 0 9 0 0 0 3 1 0 0 3 0 37 2 0 0 0 0 0 0 0 0 0 4 0 0 0 0 0 0 0 2 0 0 0 0 0 0 0 1 0 0 0 0 40 12 17 8 1 4 0 0 0 0 0 0 0 33 0 0 0 0 24 0 0 0 0 0 0 0 13 0 0 
6 1 9 0 0 0 0 0 0 1 0 0 1 1 0 0 0 0 2 9 0 0 5 7 0 0 0 0 1 22 26 0 2 1 4 0 0 4 0 0 0 0 0 0 0 0 0 8 37 0 0 0 7 0 1 1 0 5 0 0 0 0 0 0 4 0 0 0 0 0 0 0 1 0 0 2 9 0 0 0 0 73 3 0 0 0 0 0 9 0 4 0 0 0 0 0 15 0 26 0 0 0 
1 0 0 0 0 50 14 0 1 0 0 0 13 0 0 1 0 0 0 3 2 9 3 0 4 0 0 0 0 0 0 0 0 0 0 0 16 0 0 0 57 0 0 0 0 2 0 0 0 0 0 5 0 0 0 0 0 0 5 40 0 0 0 0 0 0 0 15 0 0 0 2 0 0 8 0 1 23 0 0 0 0 0 0 0 0 0 0 0 3 0 5 0 0 0 0 17 0 0 1 0 0 
9 0 13 4 0 33 0 0 17 0 0 0 3 0 0 92 0 0 0 0 3 0 0 0 0 0 1 0 0 1 17 0 0 0 0 0 2 0 7 0 0 0 0 0 3 0 0 0 4 0 1 0 0 0 2 0 0 19 0 0 0 0 0 0 0 4 2 3 9 0 3 0 6 15 0 0 0 1 2 1 0 0 0 0 0 0 0 1 0 2 4 0 3 0 6 0 0 6 0 0 0 10 
9 0 35 0 2 41 0 0 0 0 0 0 0 0 0 0 1 0 0 0 0 0 0 0 0 0 0 1 0 0 0 7 0 0 0 4 0 0 1 4 1 36 3 0 0 0 0 0 0 0 0 0 11 3 0 0 1 0 0 0 0 0 0 0 0 0 0 0 0 0 0 0 0 33 12 12 4 0 5 0 0 0 0 0 0 0 34 0 0 0 3 29 0 0 0 0 0 0 0 17 0 0 
6 0 9 4 0 35 0 0 14 0 1 0 1 0 0 89 0 0 0 0 5 0 0 0 0 0 0 0 0 1 8 0 0 0 1 0 0 0 11 1 0 0 0 0 1 0 0 0 4 0 0 0 0 0 1 0 0 23 0 0 0 0 0 0 0 3 2 7 15 0 4 0 3 24 0 0 0 1 0 1 0 0 0 0 0 1 2 3 0 0 3 0 0 0 7 0 0 4 0 0 0 11 
2 0 79 0 0 13 0 0 0 0 0 31 0 2 28 0 0 0 0 1 0 0 4 0 0 1 0 0 0 0 2 0 0 0 0 0 3 0 0 10 1 0 0 0 0 12 2 7 0 9 0 2 3 0 0 0 0 33 0 0 15 3 0 0 1 0 0 5 0 0 2 0 0 0 8 0 0 1 0 0 2 8 0 0 0 0 1 0 0 1 0 0 0 1 0 0 0 2 7 0 0 0 
4 1 0 0 0 43 12 0 0 0 0 0 11 0 0 2 0 0 0 3 2 6 1 0 7 0 0 0 0 0 0 0 0 0 0 0 18 0 0 0 63 0 0 0 0 3 0 0 0 0 0 3 0 0 1 0 2 0 5 44 0 0 0 0 0 0 0 8 0 0 0 1 0 0 8 0 0 17 0 0 0 0 0 8 0 0 0 0 0 6 0 11 0 1 0 0 13 0 0 1 0 0 
2 0 59 0 0 15 0 0 0 0 0 41 0 0 29 0 0 0 0 0 0 0 2 0 0 0 0 0 0 0 1 0 0 0 0 0 8 0 4 14 0 0 0 0 0 13 5 7 0 7 0 1 2 0 0 0 0 27 0 0 13 9 0 0 0 0 0 3 0 1 0 0 0 0 10 0 0 1 0 0 1 7 0 0 0 0 1 0 0 3 0 0 0 4 0 0 0 1 11 0 0 0 
8 0 3 0 0 48 16 0 0 0 0 0 16 0 0 2 0 0 0 5 1 8 2 0 2 0 0 0 0 0 0 0 0 0 0 0 13 0 0 0 49 0 0 0 0 5 0 0 0 0 0 4 0 0 0 0 6 0 3 38 0 0 0 0 0 0 0 18 0 0 0 1 0 0 11 0 2 20 0 0 0 0 0 2 0 0 0 0 0 9 0 3 0 0 0 2 10 0 0 1 0 0 
4 0 76 0 0 15 0 0 0 0 0 32 0 1 30 0 0 0 0 0 0 0 3 0 0 0 0 0 0 0 2 0 0 0 0 0 2 0 5 12 0 0 0 0 0 14 3 8 0 6 0 3 2 0 0 0 0 28 0 0 9 7 1 0 0 0 0 3 0 1 0 0 0 0 8 0 0 1 0 0 2 5 0 0 0 0 1 0 0 2 0 0 0 5 0 0 0 2 11 0 0 0 
5 0 0 4 25 0 0 0 0 0 0 0 0 0 0 0 0 0 0 0 20 0 24 0 1 4 0 4 0 0 0 0 1 0 0 0 0 0 0 0 0 37 0 0 2 0 2 22 4 0 6 0 7 5 0 2 5 2 0 0 0 2 0 0 1 0 54 0 0 0 2 0 0 0 0 0 30 0 0 0 3 0 0 0 0 0 0 0 0 6 0 0 0 0 4 0 2 7 1 0 0 11 
10 0 0 1 30 0 0 0 0 0 0 0 0 0 0 0 0 0 0 0 27 0 22 0 0 1 0 8 1 0 0 0 2 0 0 0 0 0 0 0 0 52 0 0 1 1 2 32 1 0 11 0 5 5 0 2 0 5 0 0 0 0 0 0 1 0 38 0 0 0 3 0 0 0 0 0 17 0 0 0 7 0 0 0 0 0 0 0 0 4 0 0 0 0 7 0 1 0 2 0 0 11 
1 0 32 0 1 46 0 0 0 0 0 0 0 0 0 0 4 0 0 0 0 0 0 1 0 0 0 1 0 0 0 12 0 0 0 0 0 0 0 0 2 25 6 0 0 0 0 0 0 0 0 0 9 4 0 0 0 0 0 0 1 0 0 1 0 0 0 0 0 0 0 0 0 47 9 14 9 0 3 0 0 0 0 0 0 0 36 0 0 2 2 21 1 0 0 0 0 0 0 11 0 0 
1 0 0 4 41 0 0 0 0 0 0 0 0 0 0 0 0 0 0 0 24 0 26 0 1 1 0 5 1 0 0 0 0 0 0 0 0 0 0 0 0 40 0 0 1 1 5 24 0 0 11 0 6 3 0 1 1 1 0 0 0 0 0 0 1 0 43 0 0 0 2 0 0 0 0 0 22 0 0 0 6 0 0 0 0 1 0 0 0 5 0 0 0 0 3 0 3 5 0 0 0 12 
1 0 23 1 3 57 0 0 0 0 0 0 0 0 0 0 1 0 0 0 0 0 0 0 0 0 0 1 0 0 0 13 0 0 0 3 0 0 2 2 1 36 3 0 0 0 0 0 0 0 0 0 5 1 0 0 0 0 0 0 2 0 0 0 0 0 0 2 0 0 0 0 0 33 8 18 12 0 6 0 0 0 0 0 0 0 25 0 0 1 0 28 0 0 0 0 0 0 0 13 0 0 
10 0 30 0 2 43 1 0 0 0 0 0 0 0 0 0 2 0 0 0 0 0 0 0 0 1 0 1 0 0 0 10 0 1 0 4 0 0 1 1 0 37 3 0 0 0 0 0 0 0 0 0 10 0 0 0 0 0 0 0 1 0 0 2 0 0 0 0 0 0 0 0 0 37 7 20 6 0 4 0 0 0 0 0 0 0 37 0 0 1 1 23 1 0 0 0 0 0 0 13 0 0 
3 1 10 3 1 34 0 0 18 0 1 0 1 0 0 86 0 0 0 0 6 0 0 0 0 0 0 0 0 0 8 0 0 0 2 0 1 0 12 1 0 1 0 0 1 0 0 1 15 1 2 0 0 0 0 0 0 18 0 0 0 0 0 0 0 0 0 3 12 0 2 0 6 20 0 0 0 2 1 0 0 0 0 0 0 0 0 3 0 2 2 0 1 0 7 0 0 3 0 2 0 11 
9 0 3 8 0 0 0 10 0 0 33 0 0 0 0 0 0 0 0 0 0 1 0 0 0 0 0 0 0 0 0 0 0 0 0 1 1 0 0 1 0 0 0 1 14 7 0 0 0 1 0 3 0 0 1 0 11 0 3 15 1 0 0 1 21 0 0 0 1 6 2 0 0 3 3 2 0 0 34 0 0 29 0 0 0 0 20 9 0 23 0 0 0 0 0 0 0 30 0 0 1 0 
5 0 78 0 0 13 0 0 0 0 0 22 0 3 20 0 0 0 0 0 0 0 0 0 0 0 0 0 0 0 2 0 0 0 0 0 6 0 4 6 0 0 0 0 0 17 3 11 0 10 1 1 1 0 0 0 0 39 0 1 12 13 0 0 0 0 0 3 0 0 2 0 0 0 2 0 0 0 0 0 0 8 4 0 0 0 0 0 0 1 0 0 0 3 0 0 0 7 7 0 0 0 
10 0 9 5 0 39 0 0 18 0 0 0 1 0 0 96 0 0 0 0 6 0 0 0 0 0 0 0 0 3 7 0 0 0 0 0 2 0 2 1 0 0 0 0 1 0 0 0 8 0 2 0 0 0 2 0 0 17 0 0 0 0 0 1 0 2 5 1 10 0 2 1 7 11 0 0 0 2 3 0 0 0 0 0 0 0 0 2 0 3 2 0 3 0 14 0 0 4 0 0 0 8 
3 0 6 0 0 0 0 0 0 0 0 0 4 1 0 0 0 0 3 6 0 0 6 7 0 0 0 0 0 21 25 0 4 1 4 0 0 0 0 0 0 0 0 0 0 0 0 12 41 0 0 0 13 2 3 7 0 4 0 0 0 0 0 0 1 0 0 0 0 0 0 0 0 0 0 2 3 0 0 0 0 76 2 0 0 0 0 0 5 0 5 0 0 0 0 0 17 0 19 0 0 0 
4 0 27 0 0 38 1 0 0 0 0 0 0 0 0 0 1 0 0 0 0 0 0 0 0 0 0 0 0 0 0 10 0 0 0 4 1 0 1 4 1 35 1 0 0 0 0 0 0 0 0 0 12 2 0 0 1 0 0 0 0 0 0 0 0 0 0 1 0 0 0 0 0 46 10 15 8 0 6 0 0 0 0 0 0 0 40 0 0 1 2 14 3 0 0 0 0 0 0 13 0 2